131325
131354
1275
1306
1291
1056
10712
1058
1034
1032
1289
303
1268
1032
1033
10720
10720
1033
1280
1034
1277
1277
10704
131325
131354
1061
1060
1056
10712
1055
1306
1291
10705
1060
1298
303
1062
1062
1280
10711
10705
1055
1061
1058
10704
131325
131354
1275
1306
1291
1056
10712
1058
1034
1032
1289
303
1268
1032
1033
10720
10720
1033
1280
1034
1277
1277
10704
131325
131354
1061
1060
1056
10712
1055
1306
1291
10705
1060
1298
303
1062
1062
1280
10707
10705
1055
1061
1058
10704
131325
131354
1275
1306
1291
1056
10712
1058
1034
1032
1289
303
1268
1032
1033
10720
10720
1033
1280
1034
1277
1277
10704
131325
131354
1061
1060
1056
10712
1055
1306
1291
10705
1060
1298
303
1062
1062
1280
10711
10705
1055
1061
1058
10704
131325
131354
1275
1306
1291
1056
10712
1058
1034
1032
1289
303
1268
1032
1033
10720
10720
1033
1280
1034
1277
1277
10704
131325
131354
1061
1060
1056
10712
1055
1306
1291
10705
1060
1298
303
1062
1062
1280
10707
10705
1055
1061
1058
10704
131325
131354
1275
1306
1291
1056
10712
1058
1034
1032
1289
303
1268
1032
1033
10720
10720
1033
1280
1034
1277
1277
10704
131325
131354
1061
1060
1056
10712
1055
1306
1291
10705
1060
1298
303
1062
1062
1280
10711
10712
10705
1291
1055
1061
1034
1058
10704
131325
1306
1056
1240
131354
1052
1241
1289
303
1308
1241
1052
1240
1275
1291
1058
1032
1289
10712
1268
1033
10720
1034
10704
131325
1306
131354
303
1056
1277
1277
10704
131325
131354
1275
1058
1268
10706
1032
1289
10706
10720
1033
1034
1060
1056
10712
303
1055
1306
1291
10705
1061
1298
1280
1060
1062
1062
1280
10707
10705
1055
1061
10704
131325
131354
1277
1277
1058
10704
131325
131354
1275
1306
1291
1056
10712
1058
303
1034
1032
1289
1268
10706
1032
1033
1289
10706
10720
10720
1033
1060
1056
1055
10705
1306
1061
1298
1280
1060
1062
1291
1062
1280
10712
10711
10705
1055
1061
1034
303
10704
131325
131354
1277
1277
131317
131317
1058
10704
131325
1306
131354
1056
1275
1291
1058
1032
1289
1268
10712
1032
1033
1289
10720
10720
1033
1034
1060
1056
303
1055
10705
1306
1061
1298
1280
1060
1062
1062
1280
10711
10712
10705
1291
1055
1061
10704
131325
131354
1277
1277
131317
1290
131317
1306
1290
1056
303
1034
1058
10704
131325
131354
1275
1291
1058
1032
1289
1268
10712
1032
1033
1289
10720
10720
1033
1034
1060
1056
1055
10705
1306
1061
303
10707
10707
1298
1280
1060
1062
1291
1062
1280
10711
10712
10705
1055
1061
10704
131325
131354
1277
1277
131317
131317
1306
1056
303
1034
1058
10704
131325
131354
1275
1291
1058
1032
1289
1268
1032
1033
1289
10712
10720
10720
1033
1034
1060
1056
1055
10705
1306
1061
303
1298
1280
1060
1062
1062
1280
10711
10705
1291
1055
1061
10704
131325
131354
1277
1277
10712
131317
10713
131317
1306
1056
303
1034
1058
10704
131325
131354
1275
1291
1058
1032
1289
1268
1032
1033
1289
10720
10713
10720
1033
1034
1060
1056
10712
1055
1291
10705
1306
303
1061
1298
1280
1060
1062
10704
131325
131354
1062
1280
10712
10705
1055
1061
1277
1277
10713
131317
131317
1291
1034
1058
10704
131325
1306
131354
303
1056
1275
1058
1032
1289
1268
1032
1033
1289
10720
10720
1033
1034
1060
1056
1055
1291
10705
1306
10713
1061
10712
1298
1280
1060
303
1062
10704
131325
131354
1062
1280
10705
1055
1061
131317
1291
131317
1039
10712
1039
1277
1277
10713
1056
1306
1034
1058
10704
131325
131354
1275
1291
1058
303
1032
1289
1268
10706
1032
1033
1289
10706
10720
10720
1033
1034
1060
1056
1055
10705
1306
10713
1061
1291
10704
131325
131354
1059
303
1277
1280
1062
10707
1058
1275
1058
1060
1062
1280
10707
10705
1291
1055
1061
1034
10704
131325
131354
1277
10713
1056
1306
303
1059
10711
1046
1239
10707
1058
1239
1063
1063
1064
1067
1064
1065
1065
1066
10704
131325
131354
1056
10707
1061
1061
1067
1066
1046
10711
10713
1059
1277
1306
303
1058
1055
1034
10707
10704
131325
131354
1060
1056
1291
10705
1061
1062
1280
1277
1058
10711
10704
131325
131354
1062
10707
1280
1060
10713
10705
1291
1055
1056
1061
1306
1034
303
1059
10712
1277
1280
10707
10704
131325
1058
1277
131354
1058
1056
1291
10705
1055
1060
1306
1061
10713
1062
10711
10704
131325
10711
1062
10712
1280
1060
10705
1291
1055
1061
1059
303
1034
1034
10707
10704
131325
1306
131354
1277
1056
10713
1058
1277
131354
1059
10705
1055
1298
1060
1062
1291
303
1280
1061
10711
10705
1055
1034
1059
1275
1058
10713
1306
10704
1056
131325
131354
1277
1060
1291
1062
303
1280
1061
10707
10705
1055
1059
1034
1057
1057
1034
10704
131325
1277
131354
